100
407
0 1 77
0 66 252
0 35 149
0 70 67
0 39 103
0 8 145
0 10 42
0 11 238
0 43 48
0 13 57
0 80 75
0 84 131
0 53 267
0 26 194
0 95 201
1 19 114
1 51 231
1 36 129
1 39 160
1 89 85
1 79 231
2 48 33
2 81 187
2 97 103
2 84 103
3 52 58
3 41 242
3 90 156
4 99 60
4 53 176
4 21 192
4 38 174
4 58 166
4 46 236
5 81 114
5 49 18
5 51 183
5 69 162
5 23 1
5 88 201
5 28 286
5 63 79
6 96 202
6 50 221
6 52 5
6 70 85
6 40 205
6 41 185
6 29 40
6 31 199
7 67 121
7 20 50
7 38 208
7 54 33
7 41 269
7 74 284
7 58 63
7 95 48
8 17 166
8 49 237
8 65 90
8 81 161
8 50 28
8 98 223
8 23 40
8 76 218
8 45 19
8 15 93
9 48 126
9 49 155
9 17 164
9 39 112
9 56 175
9 40 95
9 58 33
9 15 225
10 19 185
10 35 285
10 52 73
10 88 91
10 90 151
10 14 102
11 19 160
11 84 247
11 85 167
11 87 27
11 90 125
11 78 220
11 95 283
12 18 44
12 68 187
12 36 88
12 53 113
12 21 275
12 22 86
12 56 13
12 74 72
12 26 210
12 43 59
12 95 7
13 50 201
13 67 56
13 55 44
13 24 184
13 73 6
13 41 246
13 74 11
13 43 227
13 27 80
13 15 57
13 95 133
14 36 174
14 21 189
14 24 221
14 44 69
15 48 273
15 82 259
15 53 243
15 54 26
15 70 245
15 86 269
15 57 236
15 60 206
15 46 98
16 53 286
16 42 37
16 31 280
17 37 155
17 53 238
17 70 194
17 88 208
17 27 26
17 78 47
18 86 225
18 40 168
18 43 236
19 96 165
19 65 92
19 66 230
19 86 143
19 74 139
19 28 220
19 94 253
19 46 277
20 38 190
20 24 64
20 56 275
20 90 212
20 30 164
21 96 55
21 65 267
21 82 68
21 35 116
21 69 240
21 54 91
21 31 239
21 63 58
22 82 233
22 98 44
22 54 58
22 39 136
22 88 121
22 25 248
22 44 204
22 45 89
22 78 11
23 87 204
23 46 197
23 79 14
24 50 89
24 38 256
24 39 230
24 57 145
24 79 239
25 64 30
25 65 17
25 98 35
25 56 158
25 58 34
25 92 173
25 45 33
25 93 226
25 46 275
25 94 186
26 33 36
26 98 4
26 99 67
26 35 276
26 68 235
26 75 24
26 79 181
27 82 186
27 68 6
27 39 256
27 88 52
27 42 81
27 59 263
27 76 44
27 47 236
28 64 25
28 81 193
28 34 39
28 84 140
28 37 281
28 90 108
28 79 33
29 32 192
29 81 41
29 34 211
29 93 149
29 61 127
30 66 111
30 67 206
30 74 72
30 46 268
31 80 47
31 83 168
31 79 115
32 96 48
32 81 248
32 49 271
32 83 181
32 55 83
32 75 272
32 93 169
32 61 135
33 48 142
33 49 281
33 67 194
33 52 139
33 44 17
33 92 201
34 51 119
34 84 244
34 73 62
34 76 244
34 63 7
34 95 44
35 96 170
35 99 197
35 41 8
35 59 74
36 80 201
36 38 36
36 88 92
36 92 220
36 93 191
36 47 106
37 64 238
37 82 174
37 87 13
37 73 140
37 89 223
37 76 98
38 96 269
38 69 232
38 70 6
38 91 259
38 45 170
38 79 22
39 53 112
39 59 131
39 92 231
39 77 7
39 46 154
40 50 180
40 67 49
40 56 272
40 41 270
40 42 187
40 93 165
41 83 141
41 85 235
41 55 225
42 48 220
42 98 48
42 71 207
42 91 260
42 62 96
43 96 227
43 65 58
43 56 182
43 74 180
43 75 180
44 49 148
44 70 64
44 86 237
44 92 1
44 79 140
45 99 184
45 62 72
46 80 213
46 83 254
46 78 140
47 81 97
47 76 82
48 50 269
48 82 81
48 87 32
49 70 142
49 56 171
50 97 47
50 73 161
50 77 276
50 81 91
50 85 228
50 54 216
50 58 132
50 61 69
51 99 116
51 57 147
51 75 118
53 81 273
53 69 159
53 59 121
54 97 54
54 99 11
54 86 270
54 74 114
54 91 136
55 80 275
55 81 250
55 99 240
55 77 108
55 61 250
55 78 31
56 85 281
56 72 232
57 72 19
57 74 227
57 75 81
57 62 101
58 76 145
59 89 163
59 78 70
60 99 95
60 87 34
61 97 56
61 99 236
61 91 170
62 96 264
62 65 186
62 84 197
62 68 250
62 69 248
62 74 30
63 80 217
63 81 176
63 85 211
63 88 230
63 89 14
63 77 157
64 80 214
64 82 32
64 76 286
65 96 282
65 80 66
65 88 200
66 67 53
66 74 142
66 92 59
66 95 44
67 84 73
67 69 283
67 75 172
68 86 152
68 91 182
69 82 183
69 75 74
70 90 11
70 93 117
70 79 161
71 98 87
71 94 4
72 88 87
73 85 7
73 94 234
73 95 75
74 88 19
75 98 100
75 99 92
75 83 125
75 78 101
76 85 32
77 88 172
78 99 264
78 94 151
79 83 126
79 92 174
80 99 241
81 96 258
81 86 261
81 88 203
82 94 163
83 97 220
83 85 270
84 99 25
84 91 57
85 97 254
88 89 220
88 92 124
88 93 24
89 96 1
89 97 106
89 90 165
94 97 150
94 98 186
